1e-10 
0.003926990916487241 
0.007853981732974483 
0.011780972549461725 
0.015707963365948967 
0.019634954182436208 
0.023561944998923452 
0.027488935815410693 
0.031415926631897934 
0.03534291744838518 
0.039269908264872415 
0.04319689908135966 
0.0471238898978469 
0.05105088071433414 
0.054977871530821384 
0.05890486234730862 
0.06283185316379586 
0.0667588439802831 
0.07068583479677035 
0.07461282561325758 
0.07853981642974482 
0.08246680724623207 
0.08639379806271931 
0.09032078887920655 
0.0942477796956938 
0.09817477051218103 
0.10210176132866827 
0.10602875214515552 
0.10995574296164276 
0.11388273377813 
0.11780972459461724 
0.12173671541110448 
0.12566370622759174 
0.12959069704407897 
0.13351768786056623 
0.13744467867705346 
0.1413716694935407 
0.14529866031002794 
0.14922565112651517 
0.15315264194300243 
0.15707963275948966 
0.16100662357597692 
0.16493361439246415 
0.16886060520895138 
0.17278759602543864 
0.17671458684192587 
0.18064157765841313 
0.18456856847490036 
0.18849555929138762 
0.19242255010787485 
0.19634954092436208 
0.20027653174084933 
0.20420352255733656 
0.20813051337382382 
0.21205750419031105 
0.21598449500679828 
0.21991148582328554 
0.22383847663977277 
0.22776546745626003 
0.23169245827274726 
0.2356194490892345 
0.23954643990572175 
0.24347343072220898 
0.24740042153869624 
0.25132741235518347 
0.2552544031716707 
0.2591813939881579 
0.2631083848046452 
0.26703537562113244 
0.2709623664376197 
0.2748893572541069 
0.27881634807059413 
0.2827433388870814 
0.28667032970356865 
0.2905973205200559 
0.2945243113365431 
0.29845130215303034 
0.3023782929695176 
0.30630528378600486 
0.3102322746024921 
0.3141592654189793 
0.31808625623546655 
0.32201324705195383 
0.32594023786844106 
0.3298672286849283 
0.3337942195014155 
0.33772121031790275 
0.34164820113439004 
0.34557519195087727 
0.3495021827673645 
0.35342917358385173 
0.35735616440033896 
0.36128315521682625 
0.3652101460333135 
0.3691371368498007 
0.37306412766628794 
0.3769911184827752 
0.38091810929926245 
0.3848451001157497 
0.3887720909322369 
0.39269908174872414 
0.39662607256521143 
0.40055306338169866 
0.4044800541981859 
0.4084070450146731 
0.41233403583116035 
0.41626102664764764 
0.42018801746413487 
0.4241150082806221 
0.4280419990971093 
0.43196898991359656 
0.43589598073008384 
0.4398229715465711 
0.4437499623630583 
0.44767695317954553 
0.45160394399603276 
0.45553093481252005 
0.4594579256290073 
0.4633849164454945 
0.46731190726198174 
0.47123889807846897 
0.47516588889495626 
0.4790928797114435 
0.4830198705279307 
0.48694686134441795 
0.4908738521609052 
0.49480084297739246 
0.4987278337938797 
0.5026548246103669 
0.5065818154268542 
0.5105088062433414 
0.5144357970598287 
0.5183627878763158 
0.5222897786928031 
0.5262167695092904 
0.5301437603257776 
0.5340707511422649 
0.537997741958752 
0.5419247327752393 
0.5458517235917266 
0.5497787144082138 
0.5537057052247011 
0.5576326960411883 
0.5615596868576755 
0.5654866776741628 
0.56941366849065 
0.5733406593071373 
0.5772676501236245 
0.5811946409401118 
0.585121631756599 
0.5890486225730862 
0.5929756133895735 
0.5969026042060607 
0.600829595022548 
0.6047565858390352 
0.6086835766555224 
0.6126105674720097 
0.6165375582884969 
0.6204645491049842 
0.6243915399214715 
0.6283185307379586 
0.6322455215544459 
0.6361725123709331 
0.6400995031874204 
0.6440264940039077 
0.6479534848203948 
0.6518804756368821 
0.6558074664533693 
0.6597344572698566 
0.6636614480863439 
0.667588438902831 
0.6715154297193183 
0.6754424205358055 
0.6793694113522928 
0.6832964021687801 
0.6872233929852672 
0.6911503838017545 
0.6950773746182417 
0.699004365434729 
0.7029313562512163 
0.7068583470677035 
0.7107853378841907 
0.7147123287006779 
0.7186393195171652 
0.7225663103336525 
0.7264933011501397 
0.7304202919666269 
0.7343472827831141 
0.7382742735996014 
0.7422012644160887 
0.7461282552325759 
0.7500552460490632 
0.7539822368655504 
0.7579092276820376 
0.7618362184985249 
0.7657632093150121 
0.7696902001314994 
0.7736171909479866 
0.7775441817644738 
0.7814711725809611 
0.7853981633974483 
