1e-10 
0.002617993977658161 
0.005235987855316321 
0.007853981732974483 
0.010471975610632643 
0.013089969488290804 
0.015707963365948967 
0.018325957243607128 
0.02094395112126529 
0.02356194499892345 
0.02617993887658161 
0.02879793275423977 
0.031415926631897934 
0.034033920509556094 
0.036651914387214254 
0.039269908264872415 
0.041887902142530575 
0.044505896020188736 
0.047123889897846896 
0.04974188377550506 
0.05235987765316322 
0.05497787153082138 
0.05759586540847954 
0.0602138592861377 
0.06283185316379586 
0.06544984704145401 
0.06806784091911218 
0.07068583479677033 
0.0733038286744285 
0.07592182255208665 
0.07853981642974482 
0.08115781030740297 
0.08377580418506114 
0.08639379806271931 
0.08901179194037746 
0.09162978581803563 
0.09424777969569378 
0.09686577357335195 
0.0994837674510101 
0.10210176132866827 
0.10471975520632643 
0.1073377490839846 
0.10995574296164275 
0.11257373683930091 
0.11519173071695907 
0.11780972459461724 
0.12042771847227539 
0.12304571234993356 
0.12566370622759174 
0.1282817001052499 
0.13089969398290804 
0.13351768786056623 
0.13613568173822438 
0.13875367561588253 
0.14137166949354069 
0.14398966337119887 
0.14660765724885702 
0.14922565112651517 
0.15184364500417333 
0.1544616388818315 
0.15707963275948966 
0.15969762663714782 
0.16231562051480597 
0.16493361439246415 
0.1675516082701223 
0.17016960214778046 
0.17278759602543864 
0.1754055899030968 
0.17802358378075495 
0.1806415776584131 
0.18325957153607128 
0.18587756541372943 
0.1884955592913876 
0.19111355316904574 
0.19373154704670392 
0.19634954092436208 
0.19896753480202023 
0.20158552867967838 
0.20420352255733656 
0.20682151643499472 
0.20943951031265287 
0.21205750419031105 
0.2146754980679692 
0.21729349194562736 
0.2199114858232855 
0.2225294797009437 
0.22514747357860185 
0.22776546745626 
0.23038346133391815 
0.23300145521157634 
0.2356194490892345 
0.23823744296689264 
0.2408554368445508 
0.24347343072220898 
0.24609142459986713 
0.24870941847752528 
0.25132741235518347 
0.2539454062328416 
0.2565634001104998 
0.2591813939881579 
0.2617993878658161 
0.26441738174347423 
0.26703537562113244 
0.2696533694987906 
0.27227136337644875 
0.2748893572541069 
0.27750735113176506 
0.2801253450094232 
0.28274333888708136 
0.2853613327647395 
0.2879793266423977 
0.2905973205200559 
0.29321531439771403 
0.2958333082753722 
0.29845130215303034 
0.3010692960306885 
0.30368728990834665 
0.30630528378600486 
0.308923277663663 
0.31154127154132116 
0.3141592654189793 
0.31677725929663747 
0.3193952531742956 
0.3220132470519538 
0.32463124092961193 
0.32724923480727014 
0.3298672286849283 
0.33248522256258645 
0.3351032164402446 
0.33772121031790275 
0.3403392041955609 
0.34295719807321906 
0.34557519195087727 
0.3481931858285354 
0.3508111797061936 
0.35342917358385173 
0.3560471674615099 
0.35866516133916804 
0.3612831552168262 
0.36390114909448434 
0.36651914297214255 
0.3691371368498007 
0.37175513072745886 
0.374373124605117 
0.37699111848277517 
0.3796091123604333 
0.3822271062380915 
0.3848451001157497 
0.38746309399340784 
0.390081087871066 
0.39269908174872414 
0.3953170756263823 
0.39793506950404045 
0.4005530633816986 
0.40317105725935676 
0.40578905113701497 
0.4084070450146731 
0.4110250388923313 
0.4136430327699894 
0.4162610266476476 
0.41887902052530573 
0.4214970144029639 
0.4241150082806221 
0.42673300215828025 
0.4293509960359384 
0.43196898991359656 
0.4345869837912547 
0.43720497766891286 
0.439822971546571 
0.44244096542422917 
0.4450589593018874 
0.44767695317954553 
0.4502949470572037 
0.45291294093486184 
0.45553093481252 
0.45814892869017815 
0.4607669225678363 
0.4633849164454945 
0.46600291032315266 
0.4686209042008108 
0.47123889807846897 
0.4738568919561271 
0.4764748858337853 
0.47909287971144343 
0.4817108735891016 
0.4843288674667598 
0.48694686134441795 
0.4895648552220761 
0.49218284909973425 
0.4948008429773924 
0.49741883685505056 
0.5000368307327088 
0.5026548246103669 
0.5052728184880251 
0.5078908123656832 
0.5105088062433414 
0.5131268001209995 
0.5157447939986577 
0.5183627878763158 
0.520980781753974 
0.5235987756316322 
0.5262167695092903 
0.5288347633869485 
0.5314527572646066 
0.5340707511422649 
0.536688745019923 
0.5393067388975812 
0.5419247327752393 
0.5445427266528975 
0.5471607205305556 
0.5497787144082138 
0.552396708285872 
0.5550147021635301 
0.5576326960411883 
0.5602506899188464 
0.5628686837965046 
0.5654866776741627 
0.5681046715518209 
0.570722665429479 
0.5733406593071373 
0.5759586531847954 
0.5785766470624536 
0.5811946409401118 
0.5838126348177699 
0.5864306286954281 
0.5890486225730862 
0.5916666164507444 
0.5942846103284025 
0.5969026042060607 
0.5995205980837188 
0.602138591961377 
0.6047565858390351 
0.6073745797166933 
0.6099925735943514 
0.6126105674720097 
0.6152285613496679 
0.617846555227326 
0.6204645491049842 
0.6230825429826423 
0.6257005368603005 
0.6283185307379586 
0.6309365246156168 
0.6335545184932749 
0.6361725123709331 
0.6387905062485912 
0.6414085001262494 
0.6440264940039075 
0.6466444878815657 
0.6492624817592239 
0.6518804756368821 
0.6544984695145403 
0.6571164633921984 
0.6597344572698566 
0.6623524511475147 
0.6649704450251729 
0.667588438902831 
0.6702064327804892 
0.6728244266581473 
0.6754424205358055 
0.6780604144134637 
0.6806784082911218 
0.68329640216878 
0.6859143960464381 
0.6885323899240963 
0.6911503838017545 
0.6937683776794127 
0.6963863715570708 
0.699004365434729 
0.7016223593123871 
0.7042403531900453 
0.7068583470677035 
0.7094763409453616 
0.7120943348230198 
0.7147123287006779 
0.7173303225783361 
0.7199483164559942 
0.7225663103336524 
0.7251843042113105 
0.7278022980889687 
0.7304202919666269 
0.7330382858442851 
0.7356562797219433 
0.7382742735996014 
0.7408922674772596 
0.7435102613549177 
0.7461282552325759 
0.748746249110234 
0.7513642429878922 
0.7539822368655503 
0.7566002307432085 
0.7592182246208666 
0.7618362184985248 
0.7644542123761829 
0.7670722062538411 
0.7696902001314994 
0.7723081940091575 
0.7749261878868157 
0.7775441817644738 
0.780162175642132 
0.7827801695197901 
0.7853981633974483 
